tileswide 56
tileshigh 34
tilewidth 32
tileheight 32

layer 0
0,0,0,0,0,0,0,0,0,0,0,0,0,31,9,9,9,9,9,9,9,9,9,9,9,9,9,9,9,9,9,9,37,9,9,9,9,9,9,9,9,9,9,9,9,9,9,9,9,9,32,0,0,0,0,0,
0,0,0,0,0,0,0,0,0,0,0,0,0,8,0,0,0,38,1,1,1,1,1,1,1,1,1,1,1,45,0,0,7,0,0,0,0,0,0,0,0,0,0,0,0,0,0,0,0,0,8,0,0,0,0,0,
0,0,0,0,0,0,0,0,0,0,0,0,0,8,0,0,38,28,3,3,3,3,3,3,3,3,3,3,3,30,45,0,7,0,0,38,1,1,1,1,1,1,1,1,1,1,46,0,0,0,8,0,0,0,0,0,
0,0,0,0,0,0,0,0,0,0,0,0,0,8,0,38,28,13,20,42,42,42,42,42,42,42,42,42,20,27,30,45,7,0,38,20,28,3,3,3,3,3,3,3,3,3,30,46,0,0,8,0,0,0,0,0,
0,0,0,0,0,0,0,0,0,0,0,0,0,8,0,39,2,20,43,0,0,0,0,31,32,0,0,0,44,20,2,40,7,38,20,28,13,42,42,42,42,42,42,42,42,20,27,30,46,0,8,0,0,0,0,0,
0,0,0,0,0,0,0,0,0,0,0,0,0,8,0,39,2,40,0,0,0,0,0,7,7,0,0,0,0,39,2,40,7,39,28,13,41,0,0,0,0,12,0,0,0,44,20,2,40,0,8,0,0,0,0,0,
0,0,0,0,0,31,9,9,9,9,9,9,9,11,0,39,2,40,0,0,0,0,0,7,7,0,0,0,0,39,2,40,7,39,2,40,0,0,0,0,0,7,0,0,0,0,39,2,40,0,8,0,0,0,0,0,
0,0,0,0,0,8,0,0,0,0,0,0,0,0,41,20,2,40,0,0,0,0,0,7,7,0,0,0,0,39,2,40,7,39,2,40,0,0,0,0,0,7,0,0,0,0,39,2,40,0,8,0,0,0,0,0,
0,0,0,0,0,8,0,0,0,41,1,1,1,1,20,28,13,43,0,0,0,0,0,7,7,0,0,0,0,39,2,40,7,39,2,40,0,0,0,0,0,7,0,0,0,0,39,2,40,0,8,0,0,0,0,0,
0,0,0,0,0,8,0,0,41,20,28,3,3,3,3,13,43,0,0,0,0,0,0,7,7,0,0,0,0,39,2,40,7,39,2,40,0,0,0,0,0,7,0,0,0,0,39,2,40,0,8,0,0,0,0,0,
0,0,0,0,0,8,0,41,28,3,13,42,42,42,42,43,0,0,0,0,0,0,0,7,7,0,0,0,0,39,2,40,7,39,2,40,0,0,0,0,0,7,0,0,0,0,39,2,40,0,8,0,0,0,0,0,
0,0,0,0,0,8,0,39,2,20,43,0,0,0,0,31,9,9,9,9,9,9,9,11,23,9,32,0,0,39,2,40,7,39,2,40,0,0,0,0,0,7,0,0,0,0,39,2,40,0,8,0,0,0,0,0,
0,0,0,0,0,8,0,39,2,40,0,0,0,0,0,8,0,0,0,0,0,0,0,0,0,0,8,0,0,39,2,40,7,39,2,40,0,0,0,0,0,7,0,0,0,0,39,2,40,0,8,0,0,0,0,0,
0,0,0,0,0,8,0,39,2,40,0,0,0,0,0,8,0,0,0,0,0,0,0,0,0,0,8,0,0,39,2,40,7,39,2,40,0,0,0,0,0,7,0,0,0,0,39,2,40,0,8,0,0,0,0,0,
0,0,0,0,0,8,0,5,5,5,0,0,0,0,0,8,0,0,0,0,0,0,0,0,0,0,8,0,0,39,2,40,7,39,2,40,0,0,0,0,0,7,0,0,0,0,39,2,40,0,8,0,0,0,0,0,
0,0,0,0,0,8,0,39,2,40,0,0,0,0,0,8,0,0,0,0,0,0,0,0,0,0,8,0,0,39,2,40,26,39,2,40,0,0,0,0,0,7,0,0,0,0,39,2,40,0,8,0,0,0,0,0,
0,0,0,0,0,8,0,4,4,4,0,0,0,0,0,8,0,0,0,0,0,0,0,0,0,0,8,0,0,44,27,30,1,28,13,41,0,0,0,0,0,7,0,0,0,0,39,2,40,0,8,0,0,0,0,0,
0,0,0,0,0,8,0,39,2,40,0,0,0,0,0,8,0,0,0,0,0,0,0,0,0,0,8,0,0,0,44,27,3,13,38,0,0,0,0,0,0,7,0,0,0,0,39,2,40,0,8,0,0,0,0,0,
0,0,0,0,0,8,0,39,2,40,0,0,0,0,0,8,0,0,0,0,0,0,0,0,0,0,8,0,0,0,0,44,42,43,0,0,0,0,0,0,0,7,0,0,0,0,39,2,40,0,8,0,0,0,0,0,
0,0,0,0,0,8,0,39,2,40,0,0,0,0,0,36,9,9,37,9,9,9,9,9,9,9,37,9,9,9,9,9,9,9,9,9,9,9,9,9,9,35,0,0,0,0,39,2,40,0,8,0,0,0,0,0,
0,0,0,0,0,8,0,44,27,30,46,0,0,0,0,8,0,0,7,0,0,0,0,0,0,0,0,0,0,0,0,0,0,0,0,0,0,0,0,0,0,7,0,0,0,0,39,2,40,0,8,0,0,0,0,0,
0,0,0,0,0,8,0,0,44,27,30,46,0,0,0,8,0,0,7,0,0,0,0,38,1,1,1,1,1,1,1,1,1,1,1,46,0,0,0,0,0,7,0,0,0,0,39,2,40,0,8,0,0,0,0,0,
0,0,0,0,0,23,32,0,0,44,27,30,46,0,0,8,0,0,7,0,0,0,38,20,28,3,3,3,3,3,3,3,3,3,3,30,46,0,0,0,0,7,0,0,0,0,39,2,40,0,8,0,0,0,0,0,
0,0,0,0,0,0,23,32,0,0,39,2,40,0,0,8,0,0,7,0,0,38,28,3,13,42,42,42,42,42,42,42,42,42,20,27,30,46,0,0,0,7,0,0,0,0,39,2,40,0,8,0,0,0,0,0,
0,0,0,0,0,0,0,23,32,0,39,2,40,0,0,8,0,0,7,0,0,39,2,20,41,0,0,0,0,0,0,0,0,0,44,20,2,40,0,0,0,7,0,0,0,0,39,2,40,0,8,0,0,0,0,0,
0,0,0,0,0,0,0,0,8,0,39,2,40,0,0,8,0,0,7,0,0,39,2,40,0,0,0,31,9,9,9,9,32,0,0,39,2,40,0,0,0,7,0,0,0,0,39,2,40,0,8,0,0,0,0,0,
0,0,0,0,0,0,0,0,8,0,39,2,40,0,0,8,0,0,7,0,0,39,2,40,0,0,31,21,0,0,0,0,23,32,0,39,2,20,46,0,0,26,0,0,0,38,20,2,40,0,8,0,0,0,0,0,
0,0,0,0,0,0,0,0,8,0,39,2,40,0,0,8,0,0,7,0,0,39,2,40,0,0,26,0,0,0,0,0,0,26,0,44,27,3,30,1,1,1,1,1,1,20,28,13,41,0,8,0,0,0,0,0,
0,0,0,0,0,0,0,0,8,0,39,2,20,46,0,23,9,9,10,0,38,20,2,40,0,0,24,0,0,0,0,0,0,24,0,0,44,20,27,3,3,3,3,3,3,3,13,41,0,0,8,0,0,0,0,0,
0,0,0,0,0,0,0,0,8,0,44,27,30,20,1,1,1,1,1,1,20,28,13,43,0,0,24,0,0,0,0,0,0,24,0,0,0,44,42,42,42,42,42,42,42,42,41,0,0,0,8,0,0,0,0,0,
0,0,0,0,0,0,0,0,8,0,0,44,27,3,3,3,3,3,3,3,3,13,43,0,31,9,32,0,0,0,0,0,0,31,9,32,0,0,0,0,0,0,0,0,0,0,0,0,0,0,8,0,0,0,0,0,
0,0,0,0,0,0,0,0,8,0,0,0,44,42,42,42,42,42,42,42,42,43,0,0,7,0,7,0,0,0,0,0,0,7,0,23,9,9,9,9,9,9,9,9,9,9,9,9,9,9,22,0,0,0,0,0,
0,0,0,0,0,0,0,0,23,9,9,9,9,9,9,9,9,9,9,9,9,9,9,9,22,0,7,0,0,0,0,0,0,7,0,0,0,0,0,0,0,0,0,0,0,0,0,0,0,0,0,0,0,0,0,0,
0,0,0,0,0,0,0,0,0,0,0,0,0,0,0,0,0,0,0,0,0,0,0,0,0,0,26,0,0,0,0,0,0,26,0,0,0,0,0,0,0,0,0,0,0,0,0,0,0,0,0,0,0,0,0,0,

layer 1
-1,-1,-1,-1,-1,-1,-1,-1,-1,-1,-1,-1,-1,14,14,14,14,14,14,14,14,14,14,14,14,14,14,14,14,14,14,14,14,14,14,14,14,14,14,14,14,14,14,14,14,14,14,14,14,14,14,-1,-1,-1,-1,-1,
-1,-1,-1,-1,-1,-1,-1,-1,-1,-1,-1,-1,-1,14,-1,-1,-1,15,15,15,15,15,15,15,15,15,15,15,15,15,-1,-1,14,-1,-1,-1,-1,-1,-1,-1,-1,-1,-1,-1,-1,-1,-1,-1,-1,-1,14,-1,-1,-1,-1,-1,
-1,-1,-1,-1,-1,-1,-1,-1,-1,-1,-1,-1,-1,14,-1,-1,15,15,15,15,15,15,15,15,15,15,15,15,15,15,15,-1,14,-1,-1,15,15,15,15,15,15,15,15,15,15,15,15,-1,-1,-1,14,-1,-1,-1,-1,-1,
-1,-1,-1,-1,-1,-1,-1,-1,-1,-1,-1,-1,-1,14,-1,15,15,15,15,15,15,15,15,15,15,15,15,15,15,15,15,15,14,-1,15,15,15,15,15,15,15,15,15,15,15,15,15,15,-1,-1,14,-1,-1,-1,-1,-1,
-1,-1,-1,-1,-1,-1,-1,-1,-1,-1,-1,-1,-1,14,-1,15,15,15,15,-1,-1,-1,-1,14,14,-1,-1,-1,15,15,15,15,14,15,15,15,15,15,15,15,15,15,15,15,15,15,15,15,15,-1,14,-1,-1,-1,-1,-1,
-1,-1,-1,-1,-1,-1,-1,-1,-1,-1,-1,-1,-1,14,-1,15,15,15,-1,-1,-1,-1,-1,14,14,-1,-1,-1,-1,15,15,15,14,15,15,15,15,-1,-1,-1,-1,14,-1,-1,-1,15,15,15,15,-1,14,-1,-1,-1,-1,-1,
-1,-1,-1,-1,-1,14,14,14,14,14,14,14,14,14,-1,15,15,15,-1,-1,-1,-1,-1,14,14,-1,-1,-1,-1,15,15,15,14,15,15,15,-1,-1,-1,-1,-1,14,-1,-1,-1,-1,15,15,15,-1,14,-1,-1,-1,-1,-1,
-1,-1,-1,-1,-1,14,-1,-1,-1,-1,-1,-1,-1,-1,15,15,15,15,-1,-1,-1,-1,-1,14,14,-1,-1,-1,-1,15,15,15,14,15,15,15,-1,-1,-1,-1,-1,14,-1,-1,-1,-1,15,15,15,-1,14,-1,-1,-1,-1,-1,
-1,-1,-1,-1,14,14,-1,-1,-1,15,15,15,15,15,15,15,15,15,-1,-1,-1,-1,-1,14,14,-1,-1,-1,-1,15,15,15,14,15,15,15,-1,-1,-1,-1,-1,14,-1,-1,-1,-1,15,15,15,-1,14,-1,-1,-1,-1,-1,
-1,-1,-1,-1,14,14,-1,-1,15,15,15,15,15,15,15,15,15,-1,-1,-1,-1,-1,-1,14,14,-1,-1,-1,-1,15,15,15,14,15,15,15,-1,-1,-1,-1,-1,14,-1,-1,-1,-1,15,15,15,-1,14,-1,-1,-1,-1,-1,
-1,-1,-1,-1,14,14,-1,15,15,15,15,15,15,15,15,15,-1,-1,-1,-1,-1,-1,-1,14,14,-1,-1,-1,-1,15,15,15,14,15,15,15,-1,-1,-1,-1,-1,14,-1,-1,-1,-1,15,15,15,-1,14,-1,-1,-1,-1,-1,
-1,-1,-1,-1,-1,14,-1,15,15,15,15,-1,-1,-1,-1,14,14,14,14,14,14,14,14,14,14,14,14,-1,-1,15,15,15,14,15,15,15,-1,-1,-1,-1,-1,14,-1,-1,-1,-1,15,15,15,-1,14,-1,-1,-1,-1,-1,
-1,-1,-1,-1,-1,14,-1,15,15,15,-1,-1,-1,-1,-1,14,-1,-1,-1,-1,-1,-1,-1,-1,-1,-1,14,-1,-1,15,15,15,14,15,15,15,-1,-1,-1,-1,-1,14,-1,-1,-1,-1,15,15,15,-1,14,-1,-1,-1,-1,-1,
-1,-1,-1,-1,-1,14,-1,15,15,15,-1,-1,-1,-1,-1,14,-1,-1,-1,-1,-1,-1,-1,-1,-1,-1,14,-1,-1,15,15,15,14,15,15,15,-1,-1,-1,-1,-1,14,-1,-1,-1,-1,15,15,15,-1,14,-1,-1,-1,-1,-1,
-1,-1,-1,-1,-1,14,-1,16,16,16,-1,-1,-1,-1,-1,14,-1,-1,-1,-1,-1,-1,-1,-1,19,-1,14,-1,-1,15,15,15,14,15,15,15,-1,-1,-1,-1,-1,14,-1,-1,-1,-1,15,15,15,-1,14,-1,-1,-1,-1,-1,
-1,-1,-1,-1,-1,14,-1,15,15,15,-1,-1,-1,-1,-1,14,-1,-1,-1,-1,-1,-1,-1,-1,-1,-1,14,-1,-1,15,15,15,14,15,15,15,-1,-1,-1,-1,-1,14,-1,-1,-1,-1,15,15,15,-1,14,-1,-1,-1,-1,-1,
-1,-1,-1,-1,-1,14,-1,15,15,15,-1,-1,-1,-1,-1,14,-1,-1,-1,-1,-1,-1,-1,-1,-1,-1,14,-1,-1,15,15,15,17,15,15,-1,-1,-1,-1,-1,-1,14,-1,-1,-1,-1,15,15,-1,-1,14,-1,-1,-1,-1,-1,
-1,-1,-1,-1,-1,14,-1,15,15,15,-1,-1,-1,-1,-1,14,-1,-1,-1,-1,-1,-1,-1,-1,-1,-1,14,-1,-1,-1,15,15,17,15,15,-1,-1,-1,-1,-1,-1,14,-1,-1,-1,-1,15,15,15,-1,14,-1,-1,-1,-1,-1,
-1,-1,-1,-1,-1,14,-1,15,15,15,-1,-1,-1,-1,-1,14,-1,-1,-1,-1,-1,-1,-1,-1,-1,-1,14,-1,-1,-1,-1,15,17,15,-1,-1,-1,-1,-1,-1,-1,14,-1,-1,-1,-1,15,15,15,-1,14,-1,-1,-1,-1,-1,
-1,-1,-1,-1,-1,14,-1,15,15,15,-1,-1,-1,-1,-1,14,14,14,14,14,14,14,14,14,14,14,14,14,14,14,14,14,14,14,14,14,14,14,14,14,14,14,-1,-1,-1,-1,15,15,15,-1,14,-1,-1,-1,-1,-1,
-1,-1,-1,-1,-1,14,-1,15,15,15,15,-1,-1,-1,-1,14,-1,-1,14,-1,-1,-1,-1,-1,-1,-1,-1,-1,-1,-1,-1,-1,-1,-1,-1,-1,-1,-1,-1,-1,-1,14,-1,-1,-1,-1,15,15,15,-1,14,-1,-1,-1,-1,-1,
-1,-1,-1,-1,-1,14,-1,-1,15,15,15,15,-1,-1,-1,14,-1,-1,14,-1,-1,-1,-1,15,15,15,15,15,15,15,15,15,15,15,15,15,-1,-1,-1,-1,-1,14,-1,-1,-1,-1,15,15,15,-1,14,-1,-1,-1,-1,-1,
-1,-1,-1,-1,-1,14,14,-1,-1,15,15,15,15,-1,-1,14,-1,-1,14,-1,-1,-1,15,15,15,15,15,15,15,15,15,15,15,15,15,15,15,-1,-1,-1,-1,14,-1,-1,-1,-1,15,15,15,-1,14,-1,-1,-1,-1,-1,
-1,-1,-1,-1,-1,-1,14,14,-1,-1,15,15,15,-1,-1,14,-1,-1,14,-1,-1,15,15,15,15,15,15,15,15,15,15,15,15,15,15,15,15,15,-1,-1,-1,14,-1,-1,-1,-1,15,15,15,-1,14,-1,-1,-1,-1,-1,
-1,-1,-1,-1,-1,-1,-1,14,14,-1,-1,15,15,-1,-1,14,-1,-1,14,-1,-1,15,15,15,15,-1,-1,-1,-1,-1,-1,-1,-1,-1,15,15,15,15,-1,-1,-1,14,-1,-1,-1,-1,15,15,15,-1,14,-1,-1,-1,-1,-1,
-1,-1,-1,-1,-1,-1,-1,-1,14,-1,15,15,15,-1,-1,14,-1,-1,14,-1,-1,15,15,15,-1,-1,-1,14,14,14,14,14,14,-1,-1,15,15,15,-1,-1,-1,14,-1,-1,-1,-1,15,15,15,-1,14,-1,-1,-1,-1,-1,
-1,-1,-1,-1,-1,-1,-1,-1,14,-1,15,15,15,-1,-1,14,-1,-1,14,-1,-1,15,15,15,-1,-1,14,14,-1,-1,-1,-1,14,14,-1,15,15,15,15,-1,-1,14,-1,-1,-1,15,15,15,15,-1,14,-1,-1,-1,-1,-1,
-1,-1,-1,-1,-1,-1,-1,-1,14,-1,15,15,15,-1,-1,14,-1,-1,14,-1,-1,15,15,15,-1,-1,14,-1,-1,-1,-1,-1,-1,14,-1,15,15,15,15,15,15,17,15,15,15,15,15,15,15,-1,14,-1,-1,-1,-1,-1,
-1,-1,-1,-1,-1,-1,-1,-1,14,-1,15,15,15,15,-1,14,14,14,14,-1,15,15,15,15,-1,-1,-1,-1,-1,-1,-1,-1,-1,-1,-1,-1,15,15,15,15,15,17,15,15,15,15,15,15,-1,-1,14,-1,-1,-1,-1,-1,
-1,-1,-1,-1,-1,-1,-1,-1,14,-1,15,15,15,15,15,15,17,15,15,15,15,15,15,15,-1,-1,-1,-1,-1,-1,-1,-1,-1,-1,-1,-1,-1,15,15,15,15,17,15,15,15,15,15,-1,-1,-1,14,-1,-1,-1,-1,-1,
-1,-1,-1,-1,-1,-1,-1,-1,14,-1,-1,15,15,15,15,15,17,15,15,15,15,15,15,-1,14,14,14,-1,-1,-1,-1,-1,-1,14,14,14,-1,-1,-1,-1,-1,18,-1,-1,-1,-1,-1,-1,-1,-1,14,-1,-1,-1,-1,-1,
-1,-1,-1,-1,-1,-1,-1,-1,14,-1,-1,-1,15,15,15,15,17,15,15,15,15,15,-1,-1,14,-1,14,-1,-1,-1,-1,-1,-1,14,-1,14,14,14,14,14,14,14,14,14,14,14,14,14,14,14,14,-1,-1,-1,-1,-1,
-1,-1,-1,-1,-1,-1,-1,-1,14,14,14,14,14,14,14,14,14,14,14,14,14,14,14,14,14,-1,14,-1,-1,-1,-1,-1,-1,14,-1,-1,-1,-1,-1,-1,-1,18,-1,-1,-1,-1,-1,-1,-1,-1,-1,-1,-1,-1,-1,-1,
-1,-1,-1,-1,-1,-1,-1,-1,-1,-1,-1,-1,-1,-1,-1,-1,18,-1,-1,-1,-1,-1,-1,-1,-1,-1,14,-1,-1,-1,-1,-1,-1,14,-1,-1,-1,-1,-1,-1,-1,18,-1,-1,-1,-1,-1,-1,-1,-1,-1,-1,-1,-1,-1,-1,

